0	1.3	2	1.1	6.8	1.8	1.7	37	159
1.3	0	2.7	0.75	4.2	1.8	1.7	36	160
2	2.7	0	1.8	3.6	1.3	1.2	40	160
1.1	0.75	1.8	0	4.6	1	1	37	160
6.8	4.2	3.6	4.6	0	3.5	3.4	39	160
1.8	1.8	1.3	1	3.5	0	0.2	40	160
1.7	1.7	1.2	1	3.4	0.2	0	37	160
37	36	40	37	39	40	37	0	159
159	160	160	160	160	160 160	159	0
